4294967279,61
4294967279,60
4294967279,59
4294967279,58
4294967279,57
4294967279,56
4294967279,55
4294967279,54
4294967279,53
4294967279,52
4294967279,51
4294967279,50
4294967279,49
4294967279,48
4294967279,47
4294967279,46
4294967279,45
4294967279,44
4294967279,43
4294967279,42
4294967278,310
4294967279,186
4294967278,308
4294967279,365
4294967278,307
4294967279,343
4294967278,181
4294967279,344
4294967278,537
4294967279,341
4294967278,536
4294967279,342
4294967279,340
4294967278,306
4294967279,339
4294967278,534
4294967279,90
4294967279,87
4294967279,86
4294967279,84
4294967279,83
4294967279,80
4294967279,78
4294967279,77
4294967279,76
4294967279,75
4294967279,74
4294967279,73
4294967279,72
4294967279,71
4294967279,70
4294967279,69
4294967279,68
4294967279,67
4294967279,66
4294967279,65
4294967279,64
4294967279,62
4294967279,63
4294967279,338
4294967279,176
4294967278,173
4294967279,175
4294967278,172
4294967279,89
4294967279,85
4294967279,82
4294967279,81
4294967279,79
4294967294,12
4294967278,304
4294967279,298
4294967278,565
4294967278,538
4294967279,364
4294967279,346
4294967279,169
4294967279,168
4294967278,163
4294967279,164
4294967278,162
4294967279,163
4294967278,161
4294967279,162
4294967278,160
4294967279,161
4294967278,159
4294967279,160
4294967278,158
4294967278,157
4294967279,158
4294967278,156
4294967278,155
4294967278,153
4294967278,152
4294967278,151
4294967278,150
4294967279,150
4294967278,149
4294967279,149
4294967278,147
4294967279,144
4294967278,143
4294967278,142
4294967278,141
4294967278,140
4294967279,325
4294967278,288
4294967279,139
4294967279,124
4294967279,123
4294967279,122
4294967279,121
4294967279,120
4294967279,119
4294967279,118
4294967279,117
4294967279,116
4294967279,115
4294967279,114
4294967279,113
4294967279,112
4294967279,111
4294967279,110
4294967279,109
4294967279,108
4294967279,107
4294967279,106
4294967279,105
4294967279,104
4294967279,103
4294967279,102
4294967279,101
4294967279,100
4294967279,99
4294967279,98
4294967279,97
4294967279,96
4294967279,95
4294967279,94
4294967279,93
4294967279,92
4294967279,91
4294967279,137
4294967294,89
4294967278,134
4294967278,564
4294967278,133
4294967279,272
4294967278,276
4294967278,521
4294967279,271
4294967279,270
4294967278,285
4294967279,269
4294967279,280
4294967278,274
4294967279,291
31,6
31,5
31,4
31,3
31,2
31,1
4294967278,271
4294967279,266
4294967278,292
4294967279,290
4294967278,266
4294967279,262
4294967279,323
4294967279,261
4294967279,259
4294967278,517
4294967279,255
4294967294,388
4294967278,258
4294967279,321
4294967278,257
4294967279,320
4294967279,319
4294967278,516
4294967278,256
4294967279,363
4294967278,515
4294967294,115
4294967278,514
4294967279,317
4294967279,316
28,0
28,6
4294967279,252
4294967294,438
4294967294,50
4294967278,31
4294967278,30
4294967278,29
4294967278,28
4294967278,27
4294967278,26
4294967278,25
4294967278,24
4294967278,23
4294967278,22
4294967278,21
4294967278,20
4294967278,19
4294967278,18
4294967278,17
4294967278,16
4294967278,15
4294967278,14
4294967278,13
4294967278,12
4294967278,11
4294967278,10
4294967278,9
4294967278,8
4294967278,7
4294967278,6
4294967278,5
4294967278,4
4294967279,132
4294967279,131
4294967279,130
4294967279,129
4294967279,128
4294967279,127
4294967279,126
4294967279,125
4294967278,513
4294967279,314
4294967278,253
4294967294,38
4294967294,37
4294967294,36
4294967294,39
4294967294,0
4294967294,120
4294967294,904
4294967294,905
4294967294,1415
4294967294,399
4294967294,186
4294967294,420
4294967294,946
4294967294,168
4294967294,443
4294967294,183
4294967294,167
4294967294,164
4294967294,400
4294967294,465
4294967294,450
4294967294,116
4294967294,119
4294967294,404
4294967294,2
4294967278,250
4294967278,251
4294967279,362
4294967278,248
4294967279,246
4294967278,244
4294967279,240
4294967279,244
28,5
4294967278,242
28,4
28,3
28,2
28,1
4294967278,240
4294967294,40
4294967294,107
4294967279,238
4294967278,237
4294967294,94
4294967294,96
4294967279,237
27,4
4294967278,236
27,2
27,1
4294967279,236
4294967294,8
0,7
4294967294,393
4294967294,45
4294967294,44
4294967294,53
4294967294,951
4294967294,921
4294967294,950
4294967294,29
4294967294,419
4294967294,28
4294967294,920
4294967294,27
4294967294,91
4294967294,90
4294967294,87
4294967294,86
4294967294,85
4294967294,84
4294967278,234
4294967279,232
4294967278,230
4294967279,230
4294967278,228
4294967279,228
4294967278,226
4294967278,224
4294967279,224
4294967278,222
4294967279,222
4294967278,220
4294967279,220
4294967278,218
4294967279,218
4294967279,312
4294967279,361
4294967278,512
4294967279,274
4294967278,38
4294967278,37
4294967278,36
4294967278,35
4294967278,34
4294967278,33
4294967278,32
4294967279,26
4294967279,24
4294967279,23
4294967279,22
